root 0.000000 0.000000 1000
waist 0.000000 0.000000 1000
knee1 0.000000 0.000000 1000
foot1 0.000000 0.000000 1000
knee2 0.000000 0.000000 1000
foot2 0.000000 0.000000 1000
elbow1 0.000000 0.000000 1000
hand1 0.000000 0.000000 1000
elbow2 0.000000 0.000000 1000
hand2 0.000000 0.000000 1000
root 0.000000 0.000000 2000
waist 0.000000 0.000000 2000
knee1 0.000000 0.000000 2000
foot1 0.000000 0.000000 2000
knee2 0.000000 0.000000 2000
foot2 0.000000 0.000000 2000
elbow1 -54.799736 0.000000 2000
hand1 -59.999657 92.999153 2000
elbow2 0.000000 0.000000 2000
hand2 0.000000 0.000000 2000
root 0.000000 0.000000 3000
waist 0.000000 0.000000 3000
knee1 0.000000 0.000000 3000
foot1 0.000000 0.000000 3000
knee2 0.000000 0.000000 3000
foot2 0.000000 0.000000 3000
elbow1 -54.799736 0.000000 3000
hand1 -182.401932 92.999153 3000
elbow2 0.000000 0.000000 3000
hand2 0.000000 0.000000 3000
root 0.000000 0.000000 4000
waist 0.000000 0.000000 4000
knee1 0.000000 0.000000 4000
foot1 0.000000 0.000000 4000
knee2 0.000000 0.000000 4000
foot2 0.000000 0.000000 4000
elbow1 -54.799736 0.000000 4000
hand1 -62.199623 92.999153 4000
elbow2 0.000000 0.000000 4000
hand2 0.000000 0.000000 4000
root 0.000000 0.000000 5000
waist 0.000000 0.000000 5000
knee1 0.000000 0.000000 5000
foot1 0.000000 0.000000 5000
knee2 0.000000 0.000000 5000
foot2 0.000000 0.000000 5000
elbow1 0.000000 0.000000 5000
hand1 0.000000 0.000000 5000
elbow2 0.000000 0.000000 5000
hand2 0.000000 0.000000 5000
root 0.000000 0.000000 6000
waist 0.000000 0.000000 6000
knee1 0.000000 27.600069 6000
foot1 0.000000 0.000000 6000
knee2 0.000000 0.000000 6000
foot2 0.000000 0.000000 6000
elbow1 0.000000 0.000000 6000
hand1 0.000000 0.000000 6000
elbow2 0.000000 0.000000 6000
hand2 0.000000 0.000000 6000
root 0.000000 0.000000 7000
waist 0.000000 0.000000 7000
knee1 0.000000 -51.099792 7000
foot1 0.000000 0.000000 7000
knee2 0.000000 0.000000 7000
foot2 0.000000 0.000000 7000
elbow1 0.000000 0.000000 7000
hand1 0.000000 0.000000 7000
elbow2 0.000000 0.000000 7000
hand2 0.000000 0.000000 7000
root 0.000000 0.000000 8000
waist 0.000000 0.000000 8000
knee1 0.000000 0.000000 8000
foot1 0.000000 0.000000 8000
knee2 0.000000 0.000000 8000
foot2 0.000000 0.000000 8000
elbow1 0.000000 0.000000 8000
hand1 0.000000 0.000000 8000
elbow2 0.000000 0.000000 8000
hand2 0.000000 0.000000 8000

